6508086023786658383271967695450818059343971857826781602454538528405789608280898323692282191990868154166744891072717401870353982866523933437617904603915681
6508086023786658383271967695450818059343971857826781602454538528405789608280898323692282191990868154166744891072717401870353982866523933437617904603916563
6508086023786658383271967695450818059343971857826781602454538528405789608280898323692282191990868154166744891072717401870353982866523933437617904603916781
6508086023786658383271967695450818059343971857826781602454538528405789608280898323692282191990868154166744891072717401870353982866523933437617904603916977
6508086023786658383271967695450818059343971857826781602454538528405789608280898323692282191990868154166744891072717401870353982866523933437617904603917121
6508086023786658383271967695450818059343971857826781602454538528405789608280898323692282191990868154166744891072717401870353982866523933437617904603917439
6508086023786658383271967695450818059343971857826781602454538528405789608280898323692282191990868154166744891072717401870353982866523933437617904603919707
6508086023786658383271967695450818059343971857826781602454538528405789608280898323692282191990868154166744891072717401870353982866523933437617904603919809
6508086023786658383271967695450818059343971857826781602454538528405789608280898323692282191990868154166744891072717401870353982866523933437617904603919923
6508086023786658383271967695450818059343971857826781602454538528405789608280898323692282191990868154166744891072717401870353982866523933437617904603923969
6508086023786658383271967695450818059343971857826781602454538528405789608280898323692282191990868154166744891072717401870353982866523933437617904603924011
6508086023786658383271967695450818059343971857826781602454538528405789608280898323692282191990868154166744891072717401870353982866523933437617904603924423
6508086023786658383271967695450818059343971857826781602454538528405789608280898323692282191990868154166744891072717401870353982866523933437617904603924723
6508086023786658383271967695450818059343971857826781602454538528405789608280898323692282191990868154166744891072717401870353982866523933437617904603927833
6508086023786658383271967695450818059343971857826781602454538528405789608280898323692282191990868154166744891072717401870353982866523933437617904603927857
6508086023786658383271967695450818059343971857826781602454538528405789608280898323692282191990868154166744891072717401870353982866523933437617904603928077
6508086023786658383271967695450818059343971857826781602454538528405789608280898323692282191990868154166744891072717401870353982866523933437617904603928517
6508086023786658383271967695450818059343971857826781602454538528405789608280898323692282191990868154166744891072717401870353982866523933437617904603928943
6508086023786658383271967695450818059343971857826781602454538528405789608280898323692282191990868154166744891072717401870353982866523933437617904603929451
6508086023786658383271967695450818059343971857826781602454538528405789608280898323692282191990868154166744891072717401870353982866523933437617904603929621
6508086023786658383271967695450818059343971857826781602454538528405789608280898323692282191990868154166744891072717401870353982866523933437617904603929651
6508086023786658383271967695450818059343971857826781602454538528405789608280898323692282191990868154166744891072717401870353982866523933437617904603931901
6508086023786658383271967695450818059343971857826781602454538528405789608280898323692282191990868154166744891072717401870353982866523933437617904603932013
6508086023786658383271967695450818059343971857826781602454538528405789608280898323692282191990868154166744891072717401870353982866523933437617904603932163
6508086023786658383271967695450818059343971857826781602454538528405789608280898323692282191990868154166744891072717401870353982866523933437617904603932487
6508086023786658383271967695450818059343971857826781602454538528405789608280898323692282191990868154166744891072717401870353982866523933437617904603932667
6508086023786658383271967695450818059343971857826781602454538528405789608280898323692282191990868154166744891072717401870353982866523933437617904603932711
6508086023786658383271967695450818059343971857826781602454538528405789608280898323692282191990868154166744891072717401870353982866523933437617904603932873
6508086023786658383271967695450818059343971857826781602454538528405789608280898323692282191990868154166744891072717401870353982866523933437617904603933033
6508086023786658383271967695450818059343971857826781602454538528405789608280898323692282191990868154166744891072717401870353982866523933437617904603933047
6508086023786658383271967695450818059343971857826781602454538528405789608280898323692282191990868154166744891072717401870353982866523933437617904603933539
6508086023786658383271967695450818059343971857826781602454538528405789608280898323692282191990868154166744891072717401870353982866523933437617904603935853
6508086023786658383271967695450818059343971857826781602454538528405789608280898323692282191990868154166744891072717401870353982866523933437617904603936251
6508086023786658383271967695450818059343971857826781602454538528405789608280898323692282191990868154166744891072717401870353982866523933437617904603936737
6508086023786658383271967695450818059343971857826781602454538528405789608280898323692282191990868154166744891072717401870353982866523933437617904603936743
6508086023786658383271967695450818059343971857826781602454538528405789608280898323692282191990868154166744891072717401870353982866523933437617904603936863
6508086023786658383271967695450818059343971857826781602454538528405789608280898323692282191990868154166744891072717401870353982866523933437617904603936927
6508086023786658383271967695450818059343971857826781602454538528405789608280898323692282191990868154166744891072717401870353982866523933437617904603936941
6508086023786658383271967695450818059343971857826781602454538528405789608280898323692282191990868154166744891072717401870353982866523933437617904603937169
6508086023786658383271967695450818059343971857826781602454538528405789608280898323692282191990868154166744891072717401870353982866523933437617904603937389
6508086023786658383271967695450818059343971857826781602454538528405789608280898323692282191990868154166744891072717401870353982866523933437617904603939999
6508086023786658383271967695450818059343971857826781602454538528405789608280898323692282191990868154166744891072717401870353982866523933437617904603940433
6508086023786658383271967695450818059343971857826781602454538528405789608280898323692282191990868154166744891072717401870353982866523933437617904603940599
6508086023786658383271967695450818059343971857826781602454538528405789608280898323692282191990868154166744891072717401870353982866523933437617904603940737
6508086023786658383271967695450818059343971857826781602454538528405789608280898323692282191990868154166744891072717401870353982866523933437617904603940989
6508086023786658383271967695450818059343971857826781602454538528405789608280898323692282191990868154166744891072717401870353982866523933437617904603941021
6508086023786658383271967695450818059343971857826781602454538528405789608280898323692282191990868154166744891072717401870353982866523933437617904603941057
6508086023786658383271967695450818059343971857826781602454538528405789608280898323692282191990868154166744891072717401870353982866523933437617904603941531
6508086023786658383271967695450818059343971857826781602454538528405789608280898323692282191990868154166744891072717401870353982866523933437617904603941571
6508086023786658383271967695450818059343971857826781602454538528405789608280898323692282191990868154166744891072717401870353982866523933437617904603943833
6508086023786658383271967695450818059343971857826781602454538528405789608280898323692282191990868154166744891072717401870353982866523933437617904603943911
6508086023786658383271967695450818059343971857826781602454538528405789608280898323692282191990868154166744891072717401870353982866523933437617904603944693
6508086023786658383271967695450818059343971857826781602454538528405789608280898323692282191990868154166744891072717401870353982866523933437617904603944837
6508086023786658383271967695450818059343971857826781602454538528405789608280898323692282191990868154166744891072717401870353982866523933437617904603945009
6508086023786658383271967695450818059343971857826781602454538528405789608280898323692282191990868154166744891072717401870353982866523933437617904603945029
6508086023786658383271967695450818059343971857826781602454538528405789608280898323692282191990868154166744891072717401870353982866523933437617904603945287
6508086023786658383271967695450818059343971857826781602454538528405789608280898323692282191990868154166744891072717401870353982866523933437617904603945633
6508086023786658383271967695450818059343971857826781602454538528405789608280898323692282191990868154166744891072717401870353982866523933437617904603947957
6508086023786658383271967695450818059343971857826781602454538528405789608280898323692282191990868154166744891072717401870353982866523933437617904603948249
6508086023786658383271967695450818059343971857826781602454538528405789608280898323692282191990868154166744891072717401870353982866523933437617904603948309
6508086023786658383271967695450818059343971857826781602454538528405789608280898323692282191990868154166744891072717401870353982866523933437617904603949629
6508086023786658383271967695450818059343971857826781602454538528405789608280898323692282191990868154166744891072717401870353982866523933437617904603952241
6508086023786658383271967695450818059343971857826781602454538528405789608280898323692282191990868154166744891072717401870353982866523933437617904603952311
6508086023786658383271967695450818059343971857826781602454538528405789608280898323692282191990868154166744891072717401870353982866523933437617904603952371
6508086023786658383271967695450818059343971857826781602454538528405789608280898323692282191990868154166744891072717401870353982866523933437617904603952443
6508086023786658383271967695450818059343971857826781602454538528405789608280898323692282191990868154166744891072717401870353982866523933437617904603952473
6508086023786658383271967695450818059343971857826781602454538528405789608280898323692282191990868154166744891072717401870353982866523933437617904603956103
6508086023786658383271967695450818059343971857826781602454538528405789608280898323692282191990868154166744891072717401870353982866523933437617904603956133
6508086023786658383271967695450818059343971857826781602454538528405789608280898323692282191990868154166744891072717401870353982866523933437617904603957021
6508086023786658383271967695450818059343971857826781602454538528405789608280898323692282191990868154166744891072717401870353982866523933437617904603957299
6508086023786658383271967695450818059343971857826781602454538528405789608280898323692282191990868154166744891072717401870353982866523933437617904603960197
6508086023786658383271967695450818059343971857826781602454538528405789608280898323692282191990868154166744891072717401870353982866523933437617904603960213
6508086023786658383271967695450818059343971857826781602454538528405789608280898323692282191990868154166744891072717401870353982866523933437617904603960473
6508086023786658383271967695450818059343971857826781602454538528405789608280898323692282191990868154166744891072717401870353982866523933437617904603960647
6508086023786658383271967695450818059343971857826781602454538528405789608280898323692282191990868154166744891072717401870353982866523933437617904603960849
6508086023786658383271967695450818059343971857826781602454538528405789608280898323692282191990868154166744891072717401870353982866523933437617904603963837
6508086023786658383271967695450818059343971857826781602454538528405789608280898323692282191990868154166744891072717401870353982866523933437617904603964089
6508086023786658383271967695450818059343971857826781602454538528405789608280898323692282191990868154166744891072717401870353982866523933437617904603964127
6508086023786658383271967695450818059343971857826781602454538528405789608280898323692282191990868154166744891072717401870353982866523933437617904603964259
6508086023786658383271967695450818059343971857826781602454538528405789608280898323692282191990868154166744891072717401870353982866523933437617904603964331
6508086023786658383271967695450818059343971857826781602454538528405789608280898323692282191990868154166744891072717401870353982866523933437617904603964673
6508086023786658383271967695450818059343971857826781602454538528405789608280898323692282191990868154166744891072717401870353982866523933437617904603964707
6508086023786658383271967695450818059343971857826781602454538528405789608280898323692282191990868154166744891072717401870353982866523933437617904603964889
6508086023786658383271967695450818059343971857826781602454538528405789608280898323692282191990868154166744891072717401870353982866523933437617904603965181
6508086023786658383271967695450818059343971857826781602454538528405789608280898323692282191990868154166744891072717401870353982866523933437617904603965399
6508086023786658383271967695450818059343971857826781602454538528405789608280898323692282191990868154166744891072717401870353982866523933437617904603965673
6508086023786658383271967695450818059343971857826781602454538528405789608280898323692282191990868154166744891072717401870353982866523933437617904603968219
6508086023786658383271967695450818059343971857826781602454538528405789608280898323692282191990868154166744891072717401870353982866523933437617904603969213
6508086023786658383271967695450818059343971857826781602454538528405789608280898323692282191990868154166744891072717401870353982866523933437617904603969501
6508086023786658383271967695450818059343971857826781602454538528405789608280898323692282191990868154166744891072717401870353982866523933437617904603971679
6508086023786658383271967695450818059343971857826781602454538528405789608280898323692282191990868154166744891072717401870353982866523933437617904603972357
6508086023786658383271967695450818059343971857826781602454538528405789608280898323692282191990868154166744891072717401870353982866523933437617904603976713
6508086023786658383271967695450818059343971857826781602454538528405789608280898323692282191990868154166744891072717401870353982866523933437617904603976953
6508086023786658383271967695450818059343971857826781602454538528405789608280898323692282191990868154166744891072717401870353982866523933437617904603977093
6508086023786658383271967695450818059343971857826781602454538528405789608280898323692282191990868154166744891072717401870353982866523933437617904603977327
6508086023786658383271967695450818059343971857826781602454538528405789608280898323692282191990868154166744891072717401870353982866523933437617904603977519
6508086023786658383271967695450818059343971857826781602454538528405789608280898323692282191990868154166744891072717401870353982866523933437617904603979769
6508086023786658383271967695450818059343971857826781602454538528405789608280898323692282191990868154166744891072717401870353982866523933437617904603979881
6508086023786658383271967695450818059343971857826781602454538528405789608280898323692282191990868154166744891072717401870353982866523933437617904603980067
6508086023786658383271967695450818059343971857826781602454538528405789608280898323692282191990868154166744891072717401870353982866523933437617904603980217
6508086023786658383271967695450818059343971857826781602454538528405789608280898323692282191990868154166744891072717401870353982866523933437617904603980313
6508086023786658383271967695450818059343971857826781602454538528405789608280898323692282191990868154166744891072717401870353982866523933437617904603981443
6508086023786658383271967695450818059343971857826781602454538528405789608280898323692282191990868154166744891072717401870353982866523933437617904603981509
6508086023786658383271967695450818059343971857826781602454538528405789608280898323692282191990868154166744891072717401870353982866523933437617904603983897
6508086023786658383271967695450818059343971857826781602454538528405789608280898323692282191990868154166744891072717401870353982866523933437617904603984209
6508086023786658383271967695450818059343971857826781602454538528405789608280898323692282191990868154166744891072717401870353982866523933437617904603984953
6508086023786658383271967695450818059343971857826781602454538528405789608280898323692282191990868154166744891072717401870353982866523933437617904603987903
6508086023786658383271967695450818059343971857826781602454538528405789608280898323692282191990868154166744891072717401870353982866523933437617904603988277
6508086023786658383271967695450818059343971857826781602454538528405789608280898323692282191990868154166744891072717401870353982866523933437617904603988373
6508086023786658383271967695450818059343971857826781602454538528405789608280898323692282191990868154166744891072717401870353982866523933437617904603988487
6508086023786658383271967695450818059343971857826781602454538528405789608280898323692282191990868154166744891072717401870353982866523933437617904603989429
6508086023786658383271967695450818059343971857826781602454538528405789608280898323692282191990868154166744891072717401870353982866523933437617904603989487
6508086023786658383271967695450818059343971857826781602454538528405789608280898323692282191990868154166744891072717401870353982866523933437617904603991697
6508086023786658383271967695450818059343971857826781602454538528405789608280898323692282191990868154166744891072717401870353982866523933437617904603992103
6508086023786658383271967695450818059343971857826781602454538528405789608280898323692282191990868154166744891072717401870353982866523933437617904603992349
6508086023786658383271967695450818059343971857826781602454538528405789608280898323692282191990868154166744891072717401870353982866523933437617904603992373
6508086023786658383271967695450818059343971857826781602454538528405789608280898323692282191990868154166744891072717401870353982866523933437617904603992699
6508086023786658383271967695450818059343971857826781602454538528405789608280898323692282191990868154166744891072717401870353982866523933437617904603992871
6508086023786658383271967695450818059343971857826781602454538528405789608280898323692282191990868154166744891072717401870353982866523933437617904603993269
6508086023786658383271967695450818059343971857826781602454538528405789608280898323692282191990868154166744891072717401870353982866523933437617904603993521
6508086023786658383271967695450818059343971857826781602454538528405789608280898323692282191990868154166744891072717401870353982866523933437617904603996471
6508086023786658383271967695450818059343971857826781602454538528405789608280898323692282191990868154166744891072717401870353982866523933437617904603996651
6508086023786658383271967695450818059343971857826781602454538528405789608280898323692282191990868154166744891072717401870353982866523933437617904603996881
6508086023786658383271967695450818059343971857826781602454538528405789608280898323692282191990868154166744891072717401870353982866523933437617904603997421
6508086023786658383271967695450818059343971857826781602454538528405789608280898323692282191990868154166744891072717401870353982866523933437617904603997461
6508086023786658383271967695450818059343971857826781602454538528405789608280898323692282191990868154166744891072717401870353982866523933437617904604000953
6508086023786658383271967695450818059343971857826781602454538528405789608280898323692282191990868154166744891072717401870353982866523933437617904604001343
6508086023786658383271967695450818059343971857826781602454538528405789608280898323692282191990868154166744891072717401870353982866523933437617904604001591
6508086023786658383271967695450818059343971857826781602454538528405789608280898323692282191990868154166744891072717401870353982866523933437617904604003683
6508086023786658383271967695450818059343971857826781602454538528405789608280898323692282191990868154166744891072717401870353982866523933437617904604003853
6508086023786658383271967695450818059343971857826781602454538528405789608280898323692282191990868154166744891072717401870353982866523933437617904604003877
6508086023786658383271967695450818059343971857826781602454538528405789608280898323692282191990868154166744891072717401870353982866523933437617904604004553
6508086023786658383271967695450818059343971857826781602454538528405789608280898323692282191990868154166744891072717401870353982866523933437617904604004591
6508086023786658383271967695450818059343971857826781602454538528405789608280898323692282191990868154166744891072717401870353982866523933437617904604004843
6508086023786658383271967695450818059343971857826781602454538528405789608280898323692282191990868154166744891072717401870353982866523933437617904604004949
6508086023786658383271967695450818059343971857826781602454538528405789608280898323692282191990868154166744891072717401870353982866523933437617904604005669
6508086023786658383271967695450818059343971857826781602454538528405789608280898323692282191990868154166744891072717401870353982866523933437617904604007837
6508086023786658383271967695450818059343971857826781602454538528405789608280898323692282191990868154166744891072717401870353982866523933437617904604007861
6508086023786658383271967695450818059343971857826781602454538528405789608280898323692282191990868154166744891072717401870353982866523933437617904604007879
6508086023786658383271967695450818059343971857826781602454538528405789608280898323692282191990868154166744891072717401870353982866523933437617904604008323
6508086023786658383271967695450818059343971857826781602454538528405789608280898323692282191990868154166744891072717401870353982866523933437617904604008527
6508086023786658383271967695450818059343971857826781602454538528405789608280898323692282191990868154166744891072717401870353982866523933437617904604008569
6508086023786658383271967695450818059343971857826781602454538528405789608280898323692282191990868154166744891072717401870353982866523933437617904604008773
6508086023786658383271967695450818059343971857826781602454538528405789608280898323692282191990868154166744891072717401870353982866523933437617904604008999
6508086023786658383271967695450818059343971857826781602454538528405789608280898323692282191990868154166744891072717401870353982866523933437617904604009409
6508086023786658383271967695450818059343971857826781602454538528405789608280898323692282191990868154166744891072717401870353982866523933437617904604009443
6508086023786658383271967695450818059343971857826781602454538528405789608280898323692282191990868154166744891072717401870353982866523933437617904604011881
6508086023786658383271967695450818059343971857826781602454538528405789608280898323692282191990868154166744891072717401870353982866523933437617904604012211
6508086023786658383271967695450818059343971857826781602454538528405789608280898323692282191990868154166744891072717401870353982866523933437617904604012611
6508086023786658383271967695450818059343971857826781602454538528405789608280898323692282191990868154166744891072717401870353982866523933437617904604012667
6508086023786658383271967695450818059343971857826781602454538528405789608280898323692282191990868154166744891072717401870353982866523933437617904604012743
6508086023786658383271967695450818059343971857826781602454538528405789608280898323692282191990868154166744891072717401870353982866523933437617904604012919
6508086023786658383271967695450818059343971857826781602454538528405789608280898323692282191990868154166744891072717401870353982866523933437617904604013609
6508086023786658383271967695450818059343971857826781602454538528405789608280898323692282191990868154166744891072717401870353982866523933437617904604015851
6508086023786658383271967695450818059343971857826781602454538528405789608280898323692282191990868154166744891072717401870353982866523933437617904604015863
6508086023786658383271967695450818059343971857826781602454538528405789608280898323692282191990868154166744891072717401870353982866523933437617904604016117
6508086023786658383271967695450818059343971857826781602454538528405789608280898323692282191990868154166744891072717401870353982866523933437617904604016253
6508086023786658383271967695450818059343971857826781602454538528405789608280898323692282191990868154166744891072717401870353982866523933437617904604016771
6508086023786658383271967695450818059343971857826781602454538528405789608280898323692282191990868154166744891072717401870353982866523933437617904604016799
6508086023786658383271967695450818059343971857826781602454538528405789608280898323692282191990868154166744891072717401870353982866523933437617904604016891
6508086023786658383271967695450818059343971857826781602454538528405789608280898323692282191990868154166744891072717401870353982866523933437617904604020353
6508086023786658383271967695450818059343971857826781602454538528405789608280898323692282191990868154166744891072717401870353982866523933437617904604021287
6508086023786658383271967695450818059343971857826781602454538528405789608280898323692282191990868154166744891072717401870353982866523933437617904604023813
6508086023786658383271967695450818059343971857826781602454538528405789608280898323692282191990868154166744891072717401870353982866523933437617904604024151
6508086023786658383271967695450818059343971857826781602454538528405789608280898323692282191990868154166744891072717401870353982866523933437617904604024451
6508086023786658383271967695450818059343971857826781602454538528405789608280898323692282191990868154166744891072717401870353982866523933437617904604024559
6508086023786658383271967695450818059343971857826781602454538528405789608280898323692282191990868154166744891072717401870353982866523933437617904604024719
6508086023786658383271967695450818059343971857826781602454538528405789608280898323692282191990868154166744891072717401870353982866523933437617904604024823
6508086023786658383271967695450818059343971857826781602454538528405789608280898323692282191990868154166744891072717401870353982866523933437617904604024899
6508086023786658383271967695450818059343971857826781602454538528405789608280898323692282191990868154166744891072717401870353982866523933437617904604024931
6508086023786658383271967695450818059343971857826781602454538528405789608280898323692282191990868154166744891072717401870353982866523933437617904604024961
6508086023786658383271967695450818059343971857826781602454538528405789608280898323692282191990868154166744891072717401870353982866523933437617904604025213
6508086023786658383271967695450818059343971857826781602454538528405789608280898323692282191990868154166744891072717401870353982866523933437617904604025349
6508086023786658383271967695450818059343971857826781602454538528405789608280898323692282191990868154166744891072717401870353982866523933437617904604025601
6508086023786658383271967695450818059343971857826781602454538528405789608280898323692282191990868154166744891072717401870353982866523933437617904604028177
6508086023786658383271967695450818059343971857826781602454538528405789608280898323692282191990868154166744891072717401870353982866523933437617904604029273
6508086023786658383271967695450818059343971857826781602454538528405789608280898323692282191990868154166744891072717401870353982866523933437617904604029357
6508086023786658383271967695450818059343971857826781602454538528405789608280898323692282191990868154166744891072717401870353982866523933437617904604033067
6508086023786658383271967695450818059343971857826781602454538528405789608280898323692282191990868154166744891072717401870353982866523933437617904604033097
6508086023786658383271967695450818059343971857826781602454538528405789608280898323692282191990868154166744891072717401870353982866523933437617904604033299
6508086023786658383271967695450818059343971857826781602454538528405789608280898323692282191990868154166744891072717401870353982866523933437617904604035917
6508086023786658383271967695450818059343971857826781602454538528405789608280898323692282191990868154166744891072717401870353982866523933437617904604035981
6508086023786658383271967695450818059343971857826781602454538528405789608280898323692282191990868154166744891072717401870353982866523933437617904604036421
6508086023786658383271967695450818059343971857826781602454538528405789608280898323692282191990868154166744891072717401870353982866523933437617904604037261
6508086023786658383271967695450818059343971857826781602454538528405789608280898323692282191990868154166744891072717401870353982866523933437617904604037277
6508086023786658383271967695450818059343971857826781602454538528405789608280898323692282191990868154166744891072717401870353982866523933437617904604037589
6508086023786658383271967695450818059343971857826781602454538528405789608280898323692282191990868154166744891072717401870353982866523933437617904604040541
6508086023786658383271967695450818059343971857826781602454538528405789608280898323692282191990868154166744891072717401870353982866523933437617904604040723
6508086023786658383271967695450818059343971857826781602454538528405789608280898323692282191990868154166744891072717401870353982866523933437617904604041087
6508086023786658383271967695450818059343971857826781602454538528405789608280898323692282191990868154166744891072717401870353982866523933437617904604041507
6508086023786658383271967695450818059343971857826781602454538528405789608280898323692282191990868154166744891072717401870353982866523933437617904604043819
6508086023786658383271967695450818059343971857826781602454538528405789608280898323692282191990868154166744891072717401870353982866523933437617904604044171
6508086023786658383271967695450818059343971857826781602454538528405789608280898323692282191990868154166744891072717401870353982866523933437617904604044851
6508086023786658383271967695450818059343971857826781602454538528405789608280898323692282191990868154166744891072717401870353982866523933437617904604045353
6508086023786658383271967695450818059343971857826781602454538528405789608280898323692282191990868154166744891072717401870353982866523933437617904604045433
6508086023786658383271967695450818059343971857826781602454538528405789608280898323692282191990868154166744891072717401870353982866523933437617904604048337
6508086023786658383271967695450818059343971857826781602454538528405789608280898323692282191990868154166744891072717401870353982866523933437617904604048569
6508086023786658383271967695450818059343971857826781602454538528405789608280898323692282191990868154166744891072717401870353982866523933437617904604048799
6508086023786658383271967695450818059343971857826781602454538528405789608280898323692282191990868154166744891072717401870353982866523933437617904604049051
6508086023786658383271967695450818059343971857826781602454538528405789608280898323692282191990868154166744891072717401870353982866523933437617904604049151
6508086023786658383271967695450818059343971857826781602454538528405789608280898323692282191990868154166744891072717401870353982866523933437617904604049381
6508086023786658383271967695450818059343971857826781602454538528405789608280898323692282191990868154166744891072717401870353982866523933437617904604052193
6508086023786658383271967695450818059343971857826781602454538528405789608280898323692282191990868154166744891072717401870353982866523933437617904604052369
6508086023786658383271967695450818059343971857826781602454538528405789608280898323692282191990868154166744891072717401870353982866523933437617904604052439
6508086023786658383271967695450818059343971857826781602454538528405789608280898323692282191990868154166744891072717401870353982866523933437617904604052493
6508086023786658383271967695450818059343971857826781602454538528405789608280898323692282191990868154166744891072717401870353982866523933437617904604052801
6508086023786658383271967695450818059343971857826781602454538528405789608280898323692282191990868154166744891072717401870353982866523933437617904604053167
6508086023786658383271967695450818059343971857826781602454538528405789608280898323692282191990868154166744891072717401870353982866523933437617904604053509
6508086023786658383271967695450818059343971857826781602454538528405789608280898323692282191990868154166744891072717401870353982866523933437617904604057347
6508086023786658383271967695450818059343971857826781602454538528405789608280898323692282191990868154166744891072717401870353982866523933437617904604057481
6508086023786658383271967695450818059343971857826781602454538528405789608280898323692282191990868154166744891072717401870353982866523933437617904604060179
6508086023786658383271967695450818059343971857826781602454538528405789608280898323692282191990868154166744891072717401870353982866523933437617904604060197
6508086023786658383271967695450818059343971857826781602454538528405789608280898323692282191990868154166744891072717401870353982866523933437617904604060503
6508086023786658383271967695450818059343971857826781602454538528405789608280898323692282191990868154166744891072717401870353982866523933437617904604060641
6508086023786658383271967695450818059343971857826781602454538528405789608280898323692282191990868154166744891072717401870353982866523933437617904604061189
6508086023786658383271967695450818059343971857826781602454538528405789608280898323692282191990868154166744891072717401870353982866523933437617904604063919
6508086023786658383271967695450818059343971857826781602454538528405789608280898323692282191990868154166744891072717401870353982866523933437617904604064141
6508086023786658383271967695450818059343971857826781602454538528405789608280898323692282191990868154166744891072717401870353982866523933437617904604065141
6508086023786658383271967695450818059343971857826781602454538528405789608280898323692282191990868154166744891072717401870353982866523933437617904604065233
6508086023786658383271967695450818059343971857826781602454538528405789608280898323692282191990868154166744891072717401870353982866523933437617904604065629
6508086023786658383271967695450818059343971857826781602454538528405789608280898323692282191990868154166744891072717401870353982866523933437617904604067853
6508086023786658383271967695450818059343971857826781602454538528405789608280898323692282191990868154166744891072717401870353982866523933437617904604068257
6508086023786658383271967695450818059343971857826781602454538528405789608280898323692282191990868154166744891072717401870353982866523933437617904604068359
6508086023786658383271967695450818059343971857826781602454538528405789608280898323692282191990868154166744891072717401870353982866523933437617904604068761
6508086023786658383271967695450818059343971857826781602454538528405789608280898323692282191990868154166744891072717401870353982866523933437617904604069241
6508086023786658383271967695450818059343971857826781602454538528405789608280898323692282191990868154166744891072717401870353982866523933437617904604069331
6508086023786658383271967695450818059343971857826781602454538528405789608280898323692282191990868154166744891072717401870353982866523933437617904604072037
6508086023786658383271967695450818059343971857826781602454538528405789608280898323692282191990868154166744891072717401870353982866523933437617904604072149
6508086023786658383271967695450818059343971857826781602454538528405789608280898323692282191990868154166744891072717401870353982866523933437617904604072601
6508086023786658383271967695450818059343971857826781602454538528405789608280898323692282191990868154166744891072717401870353982866523933437617904604072629
6508086023786658383271967695450818059343971857826781602454538528405789608280898323692282191990868154166744891072717401870353982866523933437617904604072677
6508086023786658383271967695450818059343971857826781602454538528405789608280898323692282191990868154166744891072717401870353982866523933437617904604072941
6508086023786658383271967695450818059343971857826781602454538528405789608280898323692282191990868154166744891072717401870353982866523933437617904604073241
6508086023786658383271967695450818059343971857826781602454538528405789608280898323692282191990868154166744891072717401870353982866523933437617904604073529
6508086023786658383271967695450818059343971857826781602454538528405789608280898323692282191990868154166744891072717401870353982866523933437617904604076031
6508086023786658383271967695450818059343971857826781602454538528405789608280898323692282191990868154166744891072717401870353982866523933437617904604076327
6508086023786658383271967695450818059343971857826781602454538528405789608280898323692282191990868154166744891072717401870353982866523933437617904604076603
6508086023786658383271967695450818059343971857826781602454538528405789608280898323692282191990868154166744891072717401870353982866523933437617904604077081
6508086023786658383271967695450818059343971857826781602454538528405789608280898323692282191990868154166744891072717401870353982866523933437617904604077629
6508086023786658383271967695450818059343971857826781602454538528405789608280898323692282191990868154166744891072717401870353982866523933437617904604080083
6508086023786658383271967695450818059343971857826781602454538528405789608280898323692282191990868154166744891072717401870353982866523933437617904604080207
6508086023786658383271967695450818059343971857826781602454538528405789608280898323692282191990868154166744891072717401870353982866523933437617904604080291
6508086023786658383271967695450818059343971857826781602454538528405789608280898323692282191990868154166744891072717401870353982866523933437617904604080419
6508086023786658383271967695450818059343971857826781602454538528405789608280898323692282191990868154166744891072717401870353982866523933437617904604081143
6508086023786658383271967695450818059343971857826781602454538528405789608280898323692282191990868154166744891072717401870353982866523933437617904604083801
6508086023786658383271967695450818059343971857826781602454538528405789608280898323692282191990868154166744891072717401870353982866523933437617904604084013
6508086023786658383271967695450818059343971857826781602454538528405789608280898323692282191990868154166744891072717401870353982866523933437617904604084581
6508086023786658383271967695450818059343971857826781602454538528405789608280898323692282191990868154166744891072717401870353982866523933437617904604087857
6508086023786658383271967695450818059343971857826781602454538528405789608280898323692282191990868154166744891072717401870353982866523933437617904604088117
6508086023786658383271967695450818059343971857826781602454538528405789608280898323692282191990868154166744891072717401870353982866523933437617904604088213
6508086023786658383271967695450818059343971857826781602454538528405789608280898323692282191990868154166744891072717401870353982866523933437617904604088301
6508086023786658383271967695450818059343971857826781602454538528405789608280898323692282191990868154166744891072717401870353982866523933437617904604088537
6508086023786658383271967695450818059343971857826781602454538528405789608280898323692282191990868154166744891072717401870353982866523933437617904604088627
6508086023786658383271967695450818059343971857826781602454538528405789608280898323692282191990868154166744891072717401870353982866523933437617904604091679
6508086023786658383271967695450818059343971857826781602454538528405789608280898323692282191990868154166744891072717401870353982866523933437617904604092633
6508086023786658383271967695450818059343971857826781602454538528405789608280898323692282191990868154166744891072717401870353982866523933437617904604092957
6508086023786658383271967695450818059343971857826781602454538528405789608280898323692282191990868154166744891072717401870353982866523933437617904604093289
6508086023786658383271967695450818059343971857826781602454538528405789608280898323692282191990868154166744891072717401870353982866523933437617904604093487
6508086023786658383271967695450818059343971857826781602454538528405789608280898323692282191990868154166744891072717401870353982866523933437617904604093647
6508086023786658383271967695450818059343971857826781602454538528405789608280898323692282191990868154166744891072717401870353982866523933437617904604095783
6508086023786658383271967695450818059343971857826781602454538528405789608280898323692282191990868154166744891072717401870353982866523933437617904604096007
6508086023786658383271967695450818059343971857826781602454538528405789608280898323692282191990868154166744891072717401870353982866523933437617904604096089
6508086023786658383271967695450818059343971857826781602454538528405789608280898323692282191990868154166744891072717401870353982866523933437617904604096937
6508086023786658383271967695450818059343971857826781602454538528405789608280898323692282191990868154166744891072717401870353982866523933437617904604096953
6508086023786658383271967695450818059343971857826781602454538528405789608280898323692282191990868154166744891072717401870353982866523933437617904604097051
6508086023786658383271967695450818059343971857826781602454538528405789608280898323692282191990868154166744891072717401870353982866523933437617904604097091
6508086023786658383271967695450818059343971857826781602454538528405789608280898323692282191990868154166744891072717401870353982866523933437617904604097129
6508086023786658383271967695450818059343971857826781602454538528405789608280898323692282191990868154166744891072717401870353982866523933437617904604097187
6508086023786658383271967695450818059343971857826781602454538528405789608280898323692282191990868154166744891072717401870353982866523933437617904604097451
6508086023786658383271967695450818059343971857826781602454538528405789608280898323692282191990868154166744891072717401870353982866523933437617904604097673
6508086023786658383271967695450818059343971857826781602454538528405789608280898323692282191990868154166744891072717401870353982866523933437617904604099949
6508086023786658383271967695450818059343971857826781602454538528405789608280898323692282191990868154166744891072717401870353982866523933437617904604100673
6508086023786658383271967695450818059343971857826781602454538528405789608280898323692282191990868154166744891072717401870353982866523933437617904604101119
6508086023786658383271967695450818059343971857826781602454538528405789608280898323692282191990868154166744891072717401870353982866523933437617904604101143
6508086023786658383271967695450818059343971857826781602454538528405789608280898323692282191990868154166744891072717401870353982866523933437617904604103781
6508086023786658383271967695450818059343971857826781602454538528405789608280898323692282191990868154166744891072717401870353982866523933437617904604103867
6508086023786658383271967695450818059343971857826781602454538528405789608280898323692282191990868154166744891072717401870353982866523933437617904604104003
6508086023786658383271967695450818059343971857826781602454538528405789608280898323692282191990868154166744891072717401870353982866523933437617904604105277
6508086023786658383271967695450818059343971857826781602454538528405789608280898323692282191990868154166744891072717401870353982866523933437617904604105581
6508086023786658383271967695450818059343971857826781602454538528405789608280898323692282191990868154166744891072717401870353982866523933437617904604108517
6508086023786658383271967695450818059343971857826781602454538528405789608280898323692282191990868154166744891072717401870353982866523933437617904604109141
6508086023786658383271967695450818059343971857826781602454538528405789608280898323692282191990868154166744891072717401870353982866523933437617904604109537
6508086023786658383271967695450818059343971857826781602454538528405789608280898323692282191990868154166744891072717401870353982866523933437617904604111869
6508086023786658383271967695450818059343971857826781602454538528405789608280898323692282191990868154166744891072717401870353982866523933437617904604112003
6508086023786658383271967695450818059343971857826781602454538528405789608280898323692282191990868154166744891072717401870353982866523933437617904604112009
6508086023786658383271967695450818059343971857826781602454538528405789608280898323692282191990868154166744891072717401870353982866523933437617904604112111
6508086023786658383271967695450818059343971857826781602454538528405789608280898323692282191990868154166744891072717401870353982866523933437617904604112487
6508086023786658383271967695450818059343971857826781602454538528405789608280898323692282191990868154166744891072717401870353982866523933437617904604112493
6508086023786658383271967695450818059343971857826781602454538528405789608280898323692282191990868154166744891072717401870353982866523933437617904604112783
6508086023786658383271967695450818059343971857826781602454538528405789608280898323692282191990868154166744891072717401870353982866523933437617904604112849
6508086023786658383271967695450818059343971857826781602454538528405789608280898323692282191990868154166744891072717401870353982866523933437617904604112907
6508086023786658383271967695450818059343971857826781602454538528405789608280898323692282191990868154166744891072717401870353982866523933437617904604113197
6508086023786658383271967695450818059343971857826781602454538528405789608280898323692282191990868154166744891072717401870353982866523933437617904604113233
6508086023786658383271967695450818059343971857826781602454538528405789608280898323692282191990868154166744891072717401870353982866523933437617904604113527
6508086023786658383271967695450818059343971857826781602454538528405789608280898323692282191990868154166744891072717401870353982866523933437617904604113653
6508086023786658383271967695450818059343971857826781602454538528405789608280898323692282191990868154166744891072717401870353982866523933437617904604116357
6508086023786658383271967695450818059343971857826781602454538528405789608280898323692282191990868154166744891072717401870353982866523933437617904604116383
6508086023786658383271967695450818059343971857826781602454538528405789608280898323692282191990868154166744891072717401870353982866523933437617904604116867
6508086023786658383271967695450818059343971857826781602454538528405789608280898323692282191990868154166744891072717401870353982866523933437617904604119779
6508086023786658383271967695450818059343971857826781602454538528405789608280898323692282191990868154166744891072717401870353982866523933437617904604121139
6508086023786658383271967695450818059343971857826781602454538528405789608280898323692282191990868154166744891072717401870353982866523933437617904604121529
6508086023786658383271967695450818059343971857826781602454538528405789608280898323692282191990868154166744891072717401870353982866523933437617904604123691
6508086023786658383271967695450818059343971857826781602454538528405789608280898323692282191990868154166744891072717401870353982866523933437617904604123727
6508086023786658383271967695450818059343971857826781602454538528405789608280898323692282191990868154166744891072717401870353982866523933437617904604123881
6508086023786658383271967695450818059343971857826781602454538528405789608280898323692282191990868154166744891072717401870353982866523933437617904604123977
6508086023786658383271967695450818059343971857826781602454538528405789608280898323692282191990868154166744891072717401870353982866523933437617904604124123
6508086023786658383271967695450818059343971857826781602454538528405789608280898323692282191990868154166744891072717401870353982866523933437617904604124559
6508086023786658383271967695450818059343971857826781602454538528405789608280898323692282191990868154166744891072717401870353982866523933437617904604124699
6508086023786658383271967695450818059343971857826781602454538528405789608280898323692282191990868154166744891072717401870353982866523933437617904604127921
6508086023786658383271967695450818059343971857826781602454538528405789608280898323692282191990868154166744891072717401870353982866523933437617904604128153
6508086023786658383271967695450818059343971857826781602454538528405789608280898323692282191990868154166744891072717401870353982866523933437617904604128239
6508086023786658383271967695450818059343971857826781602454538528405789608280898323692282191990868154166744891072717401870353982866523933437617904604128249
6508086023786658383271967695450818059343971857826781602454538528405789608280898323692282191990868154166744891072717401870353982866523933437617904604128503
6508086023786658383271967695450818059343971857826781602454538528405789608280898323692282191990868154166744891072717401870353982866523933437617904604128509
6508086023786658383271967695450818059343971857826781602454538528405789608280898323692282191990868154166744891072717401870353982866523933437617904604128551
6508086023786658383271967695450818059343971857826781602454538528405789608280898323692282191990868154166744891072717401870353982866523933437617904604129581
6508086023786658383271967695450818059343971857826781602454538528405789608280898323692282191990868154166744891072717401870353982866523933437617904604129611
6508086023786658383271967695450818059343971857826781602454538528405789608280898323692282191990868154166744891072717401870353982866523933437617904604133349
6508086023786658383271967695450818059343971857826781602454538528405789608280898323692282191990868154166744891072717401870353982866523933437617904604133501
6508086023786658383271967695450818059343971857826781602454538528405789608280898323692282191990868154166744891072717401870353982866523933437617904604136889
6508086023786658383271967695450818059343971857826781602454538528405789608280898323692282191990868154166744891072717401870353982866523933437617904604137131
6508086023786658383271967695450818059343971857826781602454538528405789608280898323692282191990868154166744891072717401870353982866523933437617904604137147
6508086023786658383271967695450818059343971857826781602454538528405789608280898323692282191990868154166744891072717401870353982866523933437617904604137291
6508086023786658383271967695450818059343971857826781602454538528405789608280898323692282191990868154166744891072717401870353982866523933437617904604139733
6508086023786658383271967695450818059343971857826781602454538528405789608280898323692282191990868154166744891072717401870353982866523933437617904604140479
6508086023786658383271967695450818059343971857826781602454538528405789608280898323692282191990868154166744891072717401870353982866523933437617904604141409
6508086023786658383271967695450818059343971857826781602454538528405789608280898323692282191990868154166744891072717401870353982866523933437617904604141439
6508086023786658383271967695450818059343971857826781602454538528405789608280898323692282191990868154166744891072717401870353982866523933437617904604141491
6508086023786658383271967695450818059343971857826781602454538528405789608280898323692282191990868154166744891072717401870353982866523933437617904604141631
6508086023786658383271967695450818059343971857826781602454538528405789608280898323692282191990868154166744891072717401870353982866523933437617904604141637
6508086023786658383271967695450818059343971857826781602454538528405789608280898323692282191990868154166744891072717401870353982866523933437617904604143759
6508086023786658383271967695450818059343971857826781602454538528405789608280898323692282191990868154166744891072717401870353982866523933437617904604143773
6508086023786658383271967695450818059343971857826781602454538528405789608280898323692282191990868154166744891072717401870353982866523933437617904604144221
6508086023786658383271967695450818059343971857826781602454538528405789608280898323692282191990868154166744891072717401870353982866523933437617904604144433
6508086023786658383271967695450818059343971857826781602454538528405789608280898323692282191990868154166744891072717401870353982866523933437617904604144463
6508086023786658383271967695450818059343971857826781602454538528405789608280898323692282191990868154166744891072717401870353982866523933437617904604145097
6508086023786658383271967695450818059343971857826781602454538528405789608280898323692282191990868154166744891072717401870353982866523933437617904604145253
6508086023786658383271967695450818059343971857826781602454538528405789608280898323692282191990868154166744891072717401870353982866523933437617904604145579
6508086023786658383271967695450818059343971857826781602454538528405789608280898323692282191990868154166744891072717401870353982866523933437617904604145643
6508086023786658383271967695450818059343971857826781602454538528405789608280898323692282191990868154166744891072717401870353982866523933437617904604147853
6508086023786658383271967695450818059343971857826781602454538528405789608280898323692282191990868154166744891072717401870353982866523933437617904604148087
6508086023786658383271967695450818059343971857826781602454538528405789608280898323692282191990868154166744891072717401870353982866523933437617904604149449
6508086023786658383271967695450818059343971857826781602454538528405789608280898323692282191990868154166744891072717401870353982866523933437617904604149603
6508086023786658383271967695450818059343971857826781602454538528405789608280898323692282191990868154166744891072717401870353982866523933437617904604152033
6508086023786658383271967695450818059343971857826781602454538528405789608280898323692282191990868154166744891072717401870353982866523933437617904604152719
6508086023786658383271967695450818059343971857826781602454538528405789608280898323692282191990868154166744891072717401870353982866523933437617904604153173
6508086023786658383271967695450818059343971857826781602454538528405789608280898323692282191990868154166744891072717401870353982866523933437617904604155869
6508086023786658383271967695450818059343971857826781602454538528405789608280898323692282191990868154166744891072717401870353982866523933437617904604156101
6508086023786658383271967695450818059343971857826781602454538528405789608280898323692282191990868154166744891072717401870353982866523933437617904604156211
